>GCCACGTG	E-box/Arabidopsis-Promoters/Homer	6.212092	-1071.354139	0	T:2067.0(17.92%),B:1956.4(5.65%),P:1e-465
0.027	0.034	0.834	0.105
0.346	0.558	0.018	0.078
0.001	0.997	0.001	0.001
0.994	0.001	0.004	0.001
0.001	0.996	0.002	0.001
0.001	0.001	0.997	0.001
0.001	0.009	0.001	0.989
0.051	0.111	0.837	0.001
>HHCACGCGCBTN	FHY3(FAR1)/Arabidopsis-FHY3-ChIP-Seq(GSE30711)/Homer	6.927643	-625.906411	0	T:538.0(22.86%),B:1351.5(3.36%),P:1e-271
0.213	0.279	0.177	0.330
0.298	0.314	0.092	0.296
0.106	0.622	0.142	0.130
0.973	0.001	0.007	0.019
0.001	0.979	0.001	0.019
0.003	0.001	0.870	0.126
0.001	0.924	0.001	0.074
0.075	0.008	0.799	0.118
0.089	0.761	0.001	0.149
0.096	0.351	0.215	0.339
0.236	0.189	0.183	0.392
0.220	0.296	0.206	0.279
>CTCTCTCTCY	GAGA-repeat/Arabidopsis-Promoters/Homer	6.007867	-691.923850	0	T:3171.0(27.49%),B:4915.1(14.19%),P:1e-300
0.101	0.499	0.236	0.163
0.282	0.098	0.029	0.591
0.104	0.642	0.244	0.010
0.261	0.017	0.093	0.629
0.007	0.726	0.263	0.004
0.234	0.133	0.093	0.540
0.062	0.592	0.333	0.013
0.255	0.214	0.025	0.506
0.108	0.506	0.237	0.149
0.230	0.250	0.122	0.398
>NNWWWTGGGCYTDDN	PCF/Arabidopsis-Promoters/Homer	8.345332	-2560.458512	0	T:3584.0(31.07%),B:2781.4(8.03%),P:1e-1111
0.286	0.216	0.200	0.298
0.277	0.210	0.183	0.331
0.324	0.165	0.142	0.369
0.375	0.138	0.177	0.310
0.394	0.097	0.131	0.379
0.001	0.001	0.001	0.997
0.001	0.001	0.997	0.001
0.001	0.001	0.997	0.001
0.001	0.001	0.997	0.001
0.001	0.997	0.001	0.001
0.001	0.535	0.001	0.463
0.240	0.172	0.189	0.399
0.328	0.171	0.201	0.300
0.287	0.156	0.232	0.325
0.287	0.201	0.208	0.304
>BCACGTGVDN	PIF5ox(bHLH)/Arabidopsis-PIF5ox-ChIP-Seq(GSE35062)/Homer	6.582772	-756.199148	0	T:447.0(64.22%),B:2564.3(7.00%),P:1e-328	Tpos:25.6,Tstd:11.0,Bpos:25.3,Bstd:24.3,StrandBias:-0.0,Multiplicity:1.14
0.107	0.306	0.230	0.356
0.001	0.997	0.001	0.001
0.997	0.001	0.001	0.001
0.001	0.819	0.001	0.179
0.252	0.001	0.746	0.001
0.001	0.001	0.001	0.997
0.001	0.001	0.997	0.001
0.324	0.220	0.343	0.114
0.265	0.174	0.229	0.332
0.252	0.213	0.272	0.264
>CCAAAAAGGG	SEP3(MADS)/Arabidoposis-Flower-Sep3-ChIP-Seq/Homer	6.193342	-1.051932e+03	0	49999.0,9325.0,16689.1,5654.0,0.00e+00
0.105	0.831	0.024	0.040
0.181	0.699	0.028	0.092
0.886	0.051	0.016	0.047
0.932	0.016	0.014	0.038
0.976	0.003	0.003	0.018
0.930	0.003	0.016	0.051
0.869	0.016	0.038	0.077
0.291	0.014	0.451	0.245
0.127	0.009	0.849	0.015
0.124	0.047	0.772	0.057
>AAACGACGTCGTTTT	Unknown2/Arabidopsis-Promoters/Homer	9.543987	-587.419160	0	T:1014.0(8.79%),B:854.7(2.47%),P:1e-255
0.733	0.088	0.057	0.122
0.686	0.119	0.065	0.130
0.861	0.069	0.050	0.020
0.001	0.924	0.001	0.074
0.052	0.020	0.893	0.035
0.491	0.109	0.216	0.184
0.046	0.683	0.013	0.258
0.268	0.007	0.665	0.060
0.177	0.231	0.101	0.491
0.038	0.890	0.013	0.059
0.077	0.001	0.921	0.001
0.013	0.041	0.058	0.888
0.159	0.052	0.098	0.691
0.139	0.068	0.093	0.700
0.217	0.221	0.125	0.436
>AYTAAACCGG	Unknown3/Arabidopsis-Promoters/Homer	6.924851	-425.830935	0	T:2189.0(18.98%),B:3458.9(9.99%),P:1e-184
0.448	0.132	0.140	0.280
0.181	0.316	0.136	0.366
0.156	0.228	0.001	0.615
0.494	0.030	0.305	0.172
0.717	0.001	0.155	0.127
0.997	0.001	0.001	0.001
0.167	0.728	0.001	0.104
0.001	0.904	0.094	0.001
0.046	0.087	0.866	0.001
0.258	0.040	0.540	0.162
>CKTCKTCTTY	Unknown4/Arabidopsis-Promoters/Homer	6.969553	-409.503203	0	T:4863.0(42.15%),B:10266.6(29.65%),P:1e-177
0.083	0.736	0.094	0.087
0.081	0.057	0.409	0.452
0.001	0.093	0.143	0.763
0.001	0.976	0.001	0.022
0.051	0.001	0.504	0.444
0.001	0.001	0.001	0.997
0.001	0.939	0.001	0.059
0.119	0.125	0.185	0.571
0.001	0.337	0.001	0.661
0.031	0.525	0.001	0.443
>RGGGTAWWWTHGTAA	Unknown1/Arabidopsis-Promoters/Homer	8.728870	-650.838825	0	T:1197.0(10.38%),B:1064.1(3.07%),P:1e-282
0.544	0.001	0.418	0.037
0.001	0.001	0.980	0.018
0.018	0.001	0.980	0.001
0.142	0.034	0.746	0.078
0.022	0.226	0.001	0.751
0.876	0.001	0.052	0.071
0.385	0.073	0.115	0.427
0.426	0.011	0.050	0.513
0.407	0.020	0.042	0.531
0.242	0.127	0.041	0.590
0.234	0.315	0.163	0.288
0.001	0.001	0.997	0.001
0.080	0.004	0.257	0.659
0.484	0.309	0.098	0.109
0.864	0.032	0.004	0.100
>SA0001.1_at_AC_acceptor	SA0001.1_at_AC_acceptor/Jaspar	0
10561	18956	9777	31500
9690	18907	9552	32645
8978	19614	9076	33126
8163	19447	8685	34499
7470	19246	8295	35783
6736	19301	7454	37303
6218	18138	7277	39161
6281	19520	7669	37324
7189	20437	8063	35105
7841	22549	7381	33023
8272	23287	6449	32786
6225	23815	4550	36204
6463	20443	4464	39424
17046	19025	14183	20540
4235	44803	144	21612
70794	0	0	0
0	0	70794	0
18462	10023	34299	8010
17439	13338	13564	26453
18839	16237	16353	19365
>SA0002.1_at_AC_acceptor	SA0002.1_at_AC_acceptor/Jaspar	0
79	136	72	261
81	140	84	243
68	138	68	274
79	154	70	245
72	139	64	273
51	148	57	292
44	128	57	319
52	145	60	291
48	152	66	282
75	183	64	226
67	184	44	253
52	186	37	273
53	145	32	318
131	132	114	171
20	353	3	172
548	0	0	0
0	0	548	0
159	61	283	45
149	101	91	207
150	118	125	155
>SA0003.1_at_AC_acceptor	SA0003.1_at_AC_acceptor/Jaspar	0
4	27	4	24
2	29	3	25
9	16	1	33
11	10	3	35
18	10	8	23
27	12	3	17
14	24	2	19
15	20	6	18
11	18	12	18
12	18	5	24
14	12	10	23
14	24	6	15
4	17	8	30
9	14	10	26
6	30	0	23
59	0	0	0
0	59	0	0
13	19	12	15
3	11	9	36
17	6	10	26
>SD0001.1_at_AC_acceptor	SD0001.1_at_AC_acceptor/Jaspar	0
24656	24718	12917	8503
45676	7302	7650	10166
7429	2001	56278	5086
0	0	70794	0
0	0	0	70794
44389	1772	22535	2098
49240	5118	7841	8595
6493	3882	54594	5825
13000	10055	12888	34851
21905	13156	19652	16081
16521	16887	15941	21445
>SD0002.1_at_AC_acceptor	SD0002.1_at_AC_acceptor/Jaspar	0
223	197	95	33
461	17	20	50
15	1	524	8
0	0	548	0
0	548	0	0
504	11	23	10
449	16	48	35
9	9	525	5
39	41	43	425
187	74	196	91
108	137	119	184
>SD0003.1_at_AC_acceptor	SD0003.1_at_AC_acceptor/Jaspar	0
20	13	12	14
26	11	7	15
15	14	23	7
59	0	0	0
0	0	0	59
56	0	3	0
7	1	1	50
0	49	9	1
1	49	0	9
7	2	1	49
1	4	2	52
>POL001.1_MTE	POL001.1_MTE/Jaspar	0
1	2	2	4
1	3	0	5
1	2	1	5
0	9	0	0
2	0	7	0
9	0	0	0
4	0	5	0
0	9	0	0
0	4	5	0
2	3	4	0
9	0	0	0
4	0	4	1
0	9	0	0
0	0	9	0
0	2	7	0
4	0	0	5
2	4	0	3
1	3	5	0
1	3	2	3
>POL002.1_INR	POL002.1_INR/Jaspar	0
49	48	69	137
0	303	0	0
288	0	0	15
26	81	116	80
77	95	0	131
67	118	46	72
45	85	73	100
50	96	56	101
>POL003.1_GC-box	POL003.1_GC-box/Jaspar	0
102	40	50	82
97	31	112	34
50	6	154	64
67	1	206	0
0	0	274	0
2	0	272	0
54	170	0	50
46	1	224	3
1	3	222	48
79	0	171	24
23	17	192	42
0	166	35	73
20	86	52	116
40	24	109	101
>POL004.1_CCAAT-box	POL004.1_CCAAT-box/Jaspar	0
56	55	12	52
32	52	43	48
25	47	24	79
102	1	70	2
51	6	99	19
0	173	1	1
0	174	0	1
175	0	0	0
119	8	21	27
17	0	15	143
23	90	59	3
116	6	52	1
>POL005.1_DPE	POL005.1_DPE/Jaspar	0
24	18	30	10
36	21	6	19
41	3	28	10
2	30	47	3
43	2	1	36
7	30	4	41
16	31	35	0
15	21	11	35
19	22	17	24
>POL006.1_BREu	POL006.1_BREu/Jaspar	0
12	7	2	1
3	8	11	0
1	14	7	0
6	4	12	0
4	15	2	1
0	0	22	0
0	20	1	1
1	18	1	2
>POL007.1_BREd	POL007.1_BREd/Jaspar	0
10	4	19	8
5	8	8	20
10	6	11	14
3	6	15	17
4	8	15	14
2	6	13	20
6	9	10	16
>POL008.1_DCE_S_I	POL008.1_DCE_S_I/Jaspar	0
18	19	46	25
4	93	6	5
3	12	8	85
4	12	20	72
2	93	7	6
22	34	27	25
>POL009.1_DCE_S_II	POL009.1_DCE_S_II/Jaspar	0
16	34	43	15
3	100	3	2
6	5	13	84
2	11	90	5
14	21	13	60
16	28	45	19
>POL010.1_DCE_S_III	POL010.1_DCE_S_III/Jaspar	0
17	43	35	13
108	0	0	0
0	0	108	0
0	108	0	0
20	36	29	23
>POL011.1_XCPE1	POL011.1_XCPE1/Jaspar	0
0	0	21	0
0	6	15	0
0	0	21	0
0	19	0	2
0	0	21	0
0	0	21	0
3	0	18	0
21	0	0	0
0	14	7	0
2	19	0	0
>POL012.1_TATA-Box	POL012.1_TATA-Box/Jaspar	0
61	145	152	31
16	46	18	309
352	0	2	35
3	10	2	374
354	0	5	30
268	0	0	121
360	3	10	6
222	2	44	121
155	44	157	33
56	135	150	48
83	147	128	31
82	127	128	52
82	118	128	61
68	107	139	75
77	101	140	71
>POL013.1_MED-1	POL013.1_MED-1/Jaspar	0
0	0	14	0
0	14	0	0
0	0	0	14
0	14	0	0
0	14	0	0
0	5	9	0
>MF0001.1_ETS_class	MF0001.1_ETS_class/Jaspar	0
61.75	8.49	15.18	14.58
10.41	68.2	17.27	4.13
22.86	65.25	8.3	3.59
1.92	0.5	94.77	2.81
1.55	0.35	97.32	0.78
98.6	0.25	0.87	0.28
86.66	2.57	0	10.77
23.49	8.71	64	3.8
>MF0002.1_bZIP_CREB/G-box-like_subclass	MF0002.1_bZIP_CREB/G-box-like_subclass/Jaspar	0
0	0	0	100
0.74	0	96.97	2.29
100	0	0	0
0	94.06	1.48	4.46
0	0	100	0
2.06	10.32	0	87.61
>MF0003.1_REL_class	MF0003.1_REL_class/Jaspar	0
0	10.46	79.71	9.83
0	2.26	90.85	6.89
1.42	0	93.76	4.82
29.19	2.26	54.49	14.06
42.35	16.16	15.2	26.29
19.44	3.27	4.15	73.14
1.42	5.5	2.73	90.35
2.84	27.04	0	70.12
2.16	90.67	0	7.17
4.11	91.17	1.28	3.44
>MF0004.1_Nuclear_Receptor_class	MF0004.1_Nuclear_Receptor_class/Jaspar	0
48.87	3.5	37.1	10.53
3.16	0.69	86.63	9.52
5.58	2.36	80.06	11.99
14.55	4.74	6.77	73.94
13.16	77.72	4.08	5.04
74.36	17.39	6.62	1.63
>MF0005.1_Forkhead_class	MF0005.1_Forkhead_class/Jaspar	0
3.06	2.42	0	94.52
24.6	0	74.29	1.11
0	1.79	0.77	97.44
0.35	1.03	0	98.63
1.35	0	8.65	90
76.1	0	20.65	3.25
2.22	40.68	6.37	50.73
16.92	10.32	22.62	50.14
6.65	20.28	11.58	61.49
>MF0006.1_bZIP_cEBP-like_subclass	MF0006.1_bZIP_cEBP-like_subclass/Jaspar	0
60.01	8.66	28.62	2.71
2.71	3.09	1.25	92.95
0	1.35	6.03	92.61
40.48	0	54.17	5.35
3.48	77.62	2.85	16.05
50.27	4.21	42.67	2.85
15.68	20.62	4.65	59.04
65.18	20.73	5.8	8.29
72.66	7.49	4.37	15.49
>MF0007.1_bHLH(zip)_class	MF0007.1_bHLH(zip)_class/Jaspar	0
61.35	12.12	22.97	3.56
21.78	35.06	26.55	16.6
3.74	90.95	1.48	3.82
83.86	1.16	8.64	6.33
4.03	65.16	21.07	9.75
5.81	25.73	67.79	0.67
5.06	4.13	0.18	90.63
2.85	0	94.96	2.19
>MF0008.1_MADS_class	MF0008.1_MADS_class/Jaspar	0
3.18	91.04	1.76	4.02
1.11	49.38	1.34	48.17
70.03	7.46	3.75	18.75
17.72	5.19	5.34	71.75
52.73	0.89	1.1	45.28
16.4	0.44	0.44	82.72
53.03	2	3.58	41.39
17.94	4.99	3.29	73.78
28.12	0	70.37	1.51
5.37	1.78	84.55	8.3
>MF0009.1_TRP(MYB)_class	MF0009.1_TRP(MYB)_class/Jaspar	0
33.73	2.9	6.35	57.03
25.74	4.35	36.62	33.28
34.15	3.85	20.98	41.02
5.83	70.79	5.33	18.06
26.4	19.91	47.12	6.57
1.5	20.56	71.64	6.3
2.33	1	0	96.67
1.8	1.52	1.2	95.48
>MF0010.1_Homeobox_class	MF0010.1_Homeobox_class/Jaspar	0
75.21	8.16	6.44	10.19
60.1	3.43	14.29	22.17
5.25	4.65	3.44	86.67
65.22	2.27	21.19	11.32
80.83	1.86	10.82	6.49
7.91	0.98	7.17	83.94
12.7	7.91	8.04	71.35
>MF0011.1_HMG_class	MF0011.1_HMG_class/Jaspar	0
60.43	9	0	30.58
1.68	6.34	14.03	77.94
1.61	4.96	0.92	92.51
11.29	6.65	74.53	7.53
12.28	8.38	3.14	76.2
10.05	17.54	10.7	61.71
>CBF	CBF(- other)/several species/AthaMap	0
41	25	26	39
45	22	26	38
35	21	35	39
39	24	28	41
41	45	20	26
0	131	0	0
131	0	0	0
131	0	0	0
0	0	0	131
37	26	26	42
42	26	24	39
38	33	20	41
52	22	20	37
>TBP	TBP(- other)/several species/AthaMap	0
48	46	29	48
27	108	9	27
5	2	0	164
162	0	0	9
0	7	0	164
171	0	0	0
106	0	0	65
166	0	3	2
65	2	0	104
125	14	17	15
22	72	48	31
51	72	27	19
>ARF1	ARF1(ABI3/VP1)/Arabidopsis thaliana/AthaMap	0
0	10	0	0
1	0	0	9
0	0	0	10
0	0	10	0
0	0	0	10
0	10	0	0
1	1	1	7
1	9	0	0
1	9	0	0
1	9	0	0
8	1	1	0
>AtLEC2	AtLEC2(ABI3/VP1)/Arabidopsis thaliana/AthaMap	0
2	0	3	4
2	4	0	3
0	9	0	0
9	0	0	0
0	0	0	9
0	0	9	0
0	9	0	0
9	0	0	0
5	1	1	1
5	1	1	1
>ABI4(1)	ABI4(1)(AP2/EREBP)/Zea mays/AthaMap	0
0	20	0	1
12	0	9	0
0	21	0	0
0	21	0	0
1	0	20	0
0	21	0	0
1	20	0	0
1	14	5	1
2	13	4	2
4	7	6	4
>ABI4(2)	ABI4(2)(AP2/EREBP)/Zea mays/AthaMap	0
0	31	0	0
0	0	31	0
0	0	31	0
0	3	0	28
0	0	31	0
0	28	3	0
4	10	6	11
2	10	8	11
1	18	3	9
0	20	2	9
>ANT	ANT(AP2/EREBP)/Arabidopsis thaliana/AthaMap	0
8	0	24	2
0	32	0	2
31	0	2	1
0	34	0	0
21	0	13	0
8	6	15	5
15	1	1	17
0	3	0	31
4	25	0	5
0	34	0	0
0	33	0	1
9	11	13	1
34	0	0	0
7	1	16	10
3	1	29	1
2	10	3	19
>NtERF2	NtERF2(AP2/EREBP)/Nicotiana tabacum/AthaMap	0
2	7	1	4
0	1	12	1
1	10	3	0
0	11	2	1
1	0	13	0
2	10	2	0
0	13	1	0
>RAV1(1)	RAV1(1)(AP2/EREBP)/Arabidopsis thaliana/AthaMap	0
14	17	12	6
16	11	10	14
7	14	35	1
0	62	0	0
47	12	9	0
62	4	3	0
0	69	0	0
69	0	0	0
9	7	32	21
41	4	4	20
34	6	10	19
27	9	17	16
>RAV1(2)	RAV1(2)(AP2/EREBP)/Arabidopsis thaliana/AthaMap	0
22	12	10	18
13	15	8	28
8	49	1	7
40	6	8	11
1	56	3	5
0	65	0	0
0	0	0	65
0	0	58	0
24	7	19	5
12	15	18	9
12	14	16	10
8	20	5	13
>TEIL	TEIL(AP2/EREBP)/Nicotiana tabacum/AthaMap	0
70	6	6	5
1	21	0	65
0	1	86	0
31	12	3	41
86	0	1	0
1	49	2	35
5	61	13	8
3	8	4	72
>OsbHLH66	OsbHLH66(bHLH)/Oryza sativa/AthaMap	0
6	4	7	3
7	7	4	2
3	0	14	3
0	20	0	0
20	0	0	0
0	20	0	0
0	0	20	0
0	0	0	20
0	0	20	0
0	15	3	2
4	3	8	5
4	6	5	5
9	1	7	3
>PIF3(1)	PIF3(1)(bHLH)/Arabidopsis thaliana/AthaMap	0
2	5	15	5
5	1	10	11
11	2	12	2
6	0	17	4
5	3	17	2
11	11	5	0
0	27	0	0
27	0	0	0
0	27	0	0
0	0	27	0
0	0	0	27
0	0	27	0
11	2	13	1
9	12	6	0
3	9	13	2
11	6	0	10
4	19	4	0
4	2	9	12
>PIF3(2)	PIF3(2)(bHLH)/Arabidopsis thaliana/AthaMap	0
15	2	9	6
9	4	10	9
10	2	13	7
8	11	13	0
1	26	5	0
0	32	0	0
32	0	0	0
0	32	0	0
0	0	32	0
0	0	0	32
0	0	32	0
0	0	32	0
9	10	11	2
15	15	0	2
11	13	8	0
7	8	11	6
4	11	6	11
>ABF1	ABF1(bZIP)/Arabidopsis thaliana/AthaMap	0
20	0	0	0
0	20	0	0
20	0	0	0
0	20	0	0
0	0	20	0
0	0	0	20
0	0	20	0
0	0	17	3
1	19	0	0
>bZIP910(1)	bZIP910(1)(bZIP)/Antirrhinum majus/AthaMap	0
0	0	18	0
14	0	4	0
0	0	0	18
0	0	18	0
18	0	0	0
0	18	0	0
0	0	18	0
0	0	0	18
0	0	18	0
0	0	17	1
0	18	0	0
10	8	0	0
>bZIP910(2)	bZIP910(2)(bZIP)/Antirrhinum majus/AthaMap	0
0	0	17	0
1	4	10	2
6	1	9	1
2	1	2	12
0	1	16	0
1	15	1	0
0	0	0	17
0	0	17	0
17	0	0	0
0	17	0	0
0	0	17	0
0	0	0	17
>bZIP911(1)	bZIP911(1)(bZIP)/Antirrhinum majus/AthaMap	0
1	0	21	0
10	0	12	0
0	0	0	22
0	0	22	0
22	0	0	0
0	22	0	0
0	0	22	0
0	0	0	22
0	0	22	0
0	0	22	0
4	18	0	0
1	21	0	0
>bZIP911(2)	bZIP911(2)(bZIP)/Antirrhinum majus/AthaMap	0
0	0	10	0
6	0	4	0
0	0	0	10
0	0	10	0
10	0	0	0
0	10	0	0
0	0	10	0
0	0	0	10
0	0	10	0
0	0	0	10
8	1	1	0
0	10	0	0
>O2	O2(bZIP)/Zea mays/AthaMap	0
2	3	4	2
3	4	0	4
0	8	3	0
11	0	0	0
0	11	0	0
0	0	11	0
0	0	0	11
0	4	7	0
5	0	3	3
2	4	3	2
>STF1	STF1(bZIP)/Glycine max/AthaMap	0
21	1	21	7
31	1	16	2
0	0	0	50
0	0	50	0
50	0	0	0
0	50	0	0
0	0	50	0
1	0	0	49
10	25	13	2
26	0	7	17
4	7	6	33
15	12	4	19
>TGA1	TGA1(bZIP)/Arabidopsis thaliana/AthaMap	0
10	4	6	11
6	6	6	13
7	8	13	3
12	8	11	0
0	0	0	31
0	0	31	0
31	0	0	0
0	31	0	0
0	0	31	0
7	3	2	19
6	3	6	16
18	0	7	6
>TGA1a	TGA1a(bZIP)/Nicotiana tabacum/AthaMap	0
1	5	4	1
3	3	1	4
0	8	3	0
11	0	0	0
0	11	0	0
0	0	11	0
0	0	0	11
0	4	7	0
5	1	2	3
1	4	5	1
>DOF2	DOF2(C2C2(Zn) Dof)/Zea mays/AthaMap	0
7	7	2	5
7	6	4	4
7	3	4	7
7	2	2	10
21	0	0	0
21	0	0	0
21	0	0	0
0	0	21	0
3	12	2	4
7	4	6	4
7	6	5	3
>ID1	ID1(C2H2(Zn))/Zea mays/AthaMap	0
0	3	0	12
0	0	0	15
0	1	0	14
0	0	14	1
0	0	1	14
0	14	0	1
0	5	8	2
0	6	0	9
4	2	0	9
5	1	0	9
3	1	0	11
>OsCBT	OsCBT(CAMTA)/Oryza sativa/AthaMap	0
14	9	10	45
28	26	19	6
0	79	0	0
0	0	79	0
0	53	0	26
0	0	79	0
0	1	3	75
9	4	21	45
7	8	24	40
10	9	24	36
7	8	32	32
0	4	0	75
11	4	35	29
0	76	0	3
1	0	76	2
>ARR10	ARR10(GARP)/Arabidopsis thaliana/AthaMap	0
3	1	10	0
3	5	5	1
1	1	6	6
6	1	2	5
14	0	0	0
0	0	14	0
14	0	0	0
0	0	0	14
4	6	0	4
0	8	0	6
0	0	8	6
2	7	3	2
>AGP1	AGP1(GATA)/Nicotiana tabacum/AthaMap	0
5	5	1	8
2	10	3	4
19	0	0	0
0	0	19	0
19	0	0	0
0	0	0	19
0	19	0	0
0	4	0	15
14	0	3	2
4	5	5	5
>ZmHOX2a(1)	ZmHOX2a(1)(HD-HOX)/Zea mays/AthaMap	0
11	4	16	7
0	0	0	38
0	38	0	0
0	38	0	0
0	0	0	38
17	7	8	6
21	6	3	8
>ZmHOX2a(2)	ZmHOX2a(2)(HD-HOX)/Zea mays/AthaMap	0
5	2	5	15
0	0	27	0
27	0	0	0
0	0	0	27
0	27	0	0
0	4	7	16
3	4	14	6
>HVH21	HVH21(HD-KNOTTED)/Hordeum vulgare/AthaMap	0
3	12	11	11
14	11	9	3
5	12	7	13
4	14	16	3
0	3	1	33
1	1	35	0
37	0	0	0
1	35	0	1
15	8	13	1
4	8	18	7
9	6	13	9
7	4	11	15
>ALFIN1	ALFIN1(HD-PHD)/Medicago sativa/AthaMap	0
4	2	5	1
6	2	5	0
3	2	6	2
0	0	13	0
0	0	0	13
0	0	13	0
0	1	8	4
2	1	7	3
1	1	10	1
2	5	4	1
>ATHB1	ATHB1(HD-ZIP)/Arabidopsis thaliana/AthaMap	0
3	13	4	3
22	1	0	1
25	0	0	0
0	0	0	25
0	5	0	20
25	0	0	0
0	0	0	25
0	0	0	25
3	1	12	0
>ATHB5	ATHB5(HD-ZIP)/Arabidopsis thaliana/AthaMap	0
0	9	12	9
4	9	17	4
2	12	8	14
2	17	10	7
0	32	4	3
32	6	0	1
39	0	0	0
0	0	0	39
2	8	7	22
39	0	0	0
0	0	0	39
0	0	0	39
0	0	38	1
>ATHB9	ATHB9(HD-ZIP)/Arabidopsis thaliana/AthaMap	0
4	2	1	2
5	3	3	3
5	4	2	5
3	8	2	5
0	1	25	0
0	6	0	20
25	0	1	0
26	0	0	0
0	0	0	26
0	0	26	0
26	0	0	0
0	0	0	26
0	0	3	23
17	0	9	0
0	25	1	0
5	1	4	7
2	6	0	4
0	3	4	3
0	5	3	0
>HAHB4	HAHB4(HD-ZIP)/Helianthus anuus/AthaMap	0
1	0	0	24
25	0	0	0
25	0	0	0
0	0	0	25
7	0	14	4
25	0	0	0
0	0	0	25
3	1	3	18
6	5	14	0
>AG	AG(MADS)/Arabidopsis thaliana/AthaMap	0
21	20	6	19
9	3	3	51
10	0	1	55
29	8	8	21
0	66	0	0
0	65	0	1
31	3	6	26
47	2	0	17
52	0	1	13
25	0	1	40
17	15	11	23
19	8	20	19
7	0	57	2
2	0	54	10
22	17	5	22
45	4	5	12
40	6	9	11
15	10	16	25
>AGL1	AGL1(MADS)/Arabidopsis thaliana/AthaMap	0
21	11	15	18
12	6	9	38
4	1	9	51
21	5	22	17
0	65	0	0
1	63	1	0
30	6	7	22
31	4	8	22
42	1	1	21
26	3	2	34
14	14	9	28
15	8	28	14
7	0	56	2
4	0	56	5
26	6	5	28
48	10	4	3
39	9	8	9
18	15	19	13
>AGL15	AGL15(MADS)/Arabidopsis thaliana/AthaMap	0
5	4	3	20
4	2	1	25
16	2	4	10
0	32	0	0
1	15	0	16
17	4	1	10
10	3	2	17
17	0	1	14
13	0	0	19
19	1	2	10
8	1	4	19
19	0	12	1
0	0	31	1
9	5	4	14
26	1	1	4
19	3	4	6
>AGL2	AGL2(MADS)/Arabidopsis thaliana/AthaMap	0
14	15	7	15
14	6	10	21
11	4	6	30
19	7	9	16
0	51	0	0
0	46	0	5
39	5	1	6
20	2	4	25
37	0	0	14
25	0	0	26
28	4	4	15
4	6	3	38
26	0	25	0
0	0	51	0
23	11	3	14
40	3	0	8
33	5	5	8
6	8	17	20
>AGL3	AGL3(MADS)/Arabidopsis thaliana/AthaMap	0
22	29	34	10
16	9	29	41
25	8	4	58
27	16	13	39
0	92	0	3
0	79	0	16
82	1	2	10
40	4	3	48
56	0	1	38
35	0	0	60
65	1	4	25
25	4	3	63
64	0	28	3
0	0	92	3
33	14	15	33
52	5	7	31
45	23	13	14
21	24	26	24
>AtMYB15	AtMYB15(MYB)/Arabidopsis thaliana/AthaMap	0
4	73	9	14
27	18	51	4
64	18	18	0
4	64	18	14
0	0	100	0
0	0	100	0
0	0	0	100
87	4	0	9
0	0	100	0
0	0	100	0
0	0	0	100
18	0	78	4
4	0	87	9
>AtMYB77	AtMYB77(MYB)/Arabidopsis thaliana/AthaMap	0
33	30	20	17
57	17	17	9
27	9	37	27
6	30	20	44
9	6	82	3
68	3	23	6
0	100	0	0
50	0	50	0
0	0	100	0
0	0	0	100
0	0	0	100
68	3	26	3
3	55	30	12
>AtMYB84	AtMYB84(MYB)/Arabidopsis thaliana/AthaMap	0
22	18	42	18
0	14	86	0
18	4	78	0
14	9	55	22
0	0	100	0
0	0	100	0
0	0	0	100
78	4	4	14
0	0	100	0
0	0	100	0
0	0	0	100
0	0	96	4
4	32	60	4
>CDC5	CDC5(MYB)/Arabidopsis thaliana/AthaMap	0
28	24	32	15
17	26	55	2
0	92	4	4
2	2	0	96
6	85	0	8
91	2	2	4
2	0	93	4
2	93	5	0
4	4	91	0
2	55	27	16
18	23	45	14
>GAMYB	GAMYB(MYB)/Hordeum vulgare/AthaMap	0
0	16	0	9
25	0	0	0
25	0	0	0
0	25	0	0
3	13	7	2
5	3	17	0
10	10	1	4
5	18	2	0
>MYB.PH3(1)	MYB.PH3(1)(MYB)/Petunia hybrida/AthaMap	0
22	3	4	11
21	1	7	12
27	1	7	6
40	0	2	3
33	0	8	4
33	0	8	5
0	46	0	0
3	15	26	2
0	0	46	0
0	0	0	46
0	0	0	46
46	0	0	0
1	13	2	7
>MYB.PH3(2)	MYB.PH3(2)(MYB)/Petunia hybrida/AthaMap	0
12	1	6	6
12	2	7	4
11	2	8	4
25	0	0	1
0	0	27	0
0	0	3	24
0	0	0	27
23	0	0	4
0	0	27	0
0	0	0	27
0	0	0	27
23	0	4	0
1	5	4	1
>P	P(MYB)/Zea mays/AthaMap	0
25	3	4	4
2	28	3	3
0	31	0	5
17	0	0	19
36	0	0	0
0	36	0	0
1	34	0	1
11	13	4	8
6	8	15	7
>TaMYB80	TaMYB80(MYB)/Triticum aestivum/AthaMap	0
3	4	10	3
2	5	13	0
0	0	20	0
12	2	2	4
20	0	0	0
0	0	0	20
20	0	0	0
0	0	0	20
4	8	5	3
1	19	0	0
1	7	7	5
>TaNAC69(1)	TaNAC69(1)(NAC)/Triticum aestivum/AthaMap	0
16	0	22	0
15	3	18	2
16	1	1	20
13	0	17	8
9	5	18	6
0	38	0	0
0	0	38	0
0	0	0	38
22	1	14	1
9	7	6	16
10	9	13	6
3	9	15	11
8	9	9	12
17	5	6	10
1	15	1	21
38	0	0	0
0	38	0	0
0	0	38	0
0	6	4	28
27	9	0	2
34	0	0	4
0	26	1	11
2	16	1	19
>TaNAC69(2)	TaNAC69(2)(NAC)/Triticum aestivum/AthaMap	0
5	0	4	0
2	2	5	0
2	0	0	7
2	3	3	1
1	0	4	4
0	1	1	7
1	2	1	5
4	1	2	2
3	1	2	3
2	4	2	1
0	4	2	3
1	1	1	6
1	1	2	5
2	1	1	5
3	1	3	2
0	5	0	4
9	0	0	0
0	9	0	0
0	0	9	0
0	2	1	6
3	5	0	1
6	0	0	3
0	7	0	2
0	2	0	7
>AtSPL3	AtSPL3(SBP)/Arabidopsis thaliana/AthaMap	0
13	3	9	9
8	2	8	16
14	0	6	14
10	1	13	10
13	15	1	5
2	29	2	1
0	0	34	0
0	0	0	34
34	0	0	0
0	34	0	0
10	7	7	10
13	6	2	13
8	9	4	13
10	8	2	14
12	7	0	15
9	12	3	10
>AtSPL8	AtSPL8(SBP)/Arabidopsis thaliana/AthaMap	0
11	1	4	14
11	0	6	13
9	4	6	11
10	1	4	15
10	6	4	10
3	10	2	15
0	0	30	0
0	0	0	30
30	0	0	0
0	30	0	0
6	12	1	11
10	7	0	13
5	8	1	16
13	5	0	12
10	3	0	17
11	6	0	13
>SPL14	SPL14(SBP)/Arabidopsis thaliana/AthaMap	0
2	5	4	9
4	6	4	6
4	5	6	5
4	8	1	7
3	4	9	4
3	1	4	12
0	20	0	0
0	20	0	0
0	0	20	0
0	0	0	20
20	0	0	0
0	20	0	0
12	0	8	0
6	3	8	3
4	3	7	6
8	3	5	4
3	4	8	5
3	6	8	3
5	1	11	3
>PCF2	PCF2(TCP)/Oryza sativa/AthaMap	0
15	14	11	24
16	14	30	14
3	1	66	6
3	6	65	2
17	19	25	15
2	71	2	1
0	73	3	0
0	75	0	1
64	1	8	3
1	66	2	7
>PCF5	PCF5(TCP)/Oryza sativa/AthaMap	0
6	3	63	3
4	20	5	52
0	0	82	1
1	0	82	0
5	22	13	43
0	83	0	0
0	83	0	0
4	74	3	2
17	24	25	15
15	28	12	26
>GT1	GT1(Trihelix)/Nicotiana tabacum/AthaMap	0
9	1	7	1
7	1	4	6
10	2	4	2
5	3	3	7
4	2	9	3
0	0	18	0
1	0	0	17
11	0	1	6
17	0	0	1
14	1	0	3
11	0	0	7
9	2	0	7
>ZAP1	ZAP1(WRKY(Zn))/Arabidopsis thaliana/AthaMap	0
0	0	0	45
0	0	0	45
0	0	45	0
45	0	0	0
0	45	0	0
0	44	0	1
1	3	39	2
33	6	3	3
2	4	35	4
>MA0008.1_HAT5	MA0008.1_HAT5/Jaspar	0
3	13	4	5
21	1	0	3
25	0	0	0
0	0	0	25
0	5	0	20
24	0	1	0
1	0	0	24
0	0	2	23
>MA0020.1_Dof2	MA0020.1_Dof2/Jaspar	0
21	0	0	0
21	0	0	0
21	0	0	0
0	0	21	0
3	14	2	2
7	6	3	5
>MA0021.1_Dof3	MA0021.1_Dof3/Jaspar	0
21	0	0	0
21	0	0	0
21	0	0	0
0	0	21	0
0	10	3	8
6	6	9	0
>MA0034.1_Gamyb	MA0034.1_Gamyb/Jaspar	0
4	6	11	4
10	5	7	3
3	13	0	9
23	1	1	0
25	0	0	0
1	24	0	0
3	14	6	2
6	0	19	0
10	11	0	4
5	19	1	0
>MA0044.1_HMG-1	MA0044.1_HMG-1/Jaspar	0
0	5	8	0
0	0	3	10
0	4	0	9
0	2	10	1
0	1	0	12
6	1	3	3
3	5	0	5
0	1	2	10
0	8	1	4
>MA0045.1_HMG-I/Y	MA0045.1_HMG-I/Y/Jaspar	0
3	5	4	2
7	0	3	4
9	1	1	3
3	6	4	1
11	0	3	0
11	0	2	1
11	0	2	1
3	3	2	6
4	1	8	1
3	4	6	1
8	5	1	0
8	1	4	1
9	0	2	3
9	5	0	0
11	0	3	0
2	7	0	5
>MA0053.1_MNB1A	MA0053.1_MNB1A/Jaspar	0
15	0	0	0
15	0	0	0
15	0	0	0
0	0	15	0
3	9	0	3
>MA0054.1_myb.Ph3	MA0054.1_myb.Ph3/Jaspar	0
19	3	2	46
64	1	2	3
63	0	2	5
4	62	3	1
10	27	16	17
10	2	53	5
13	8	0	49
3	17	1	49
28	1	0	41
>MA0064.1_PBF	MA0064.1_PBF/Jaspar	0
16	0	0	0
16	0	0	0
16	0	0	0
0	0	16	0
1	9	1	5
>MA0082.1_squamosa	MA0082.1_squamosa/Jaspar	0
11	14	1	4
0	22	0	8
24	0	4	2
16	2	1	11
23	0	0	7
17	0	0	13
24	1	0	5
8	0	1	21
14	1	15	0
1	1	28	0
14	5	1	10
25	5	0	0
21	2	3	4
7	5	8	10
>MA0096.1_bZIP910	MA0096.1_bZIP910/Jaspar	0
15	15	5	0
0	0	0	35
0	0	35	0
35	0	0	0
0	35	0	0
0	0	35	0
0	0	0	35
>MA0097.1_bZIP911	MA0097.1_bZIP911/Jaspar	0
1	0	31	1
17	0	16	0
0	0	0	33
0	0	33	0
33	0	0	0
0	33	0	0
0	0	33	0
0	0	0	33
0	1	32	0
1	0	22	10
11	20	1	1
1	32	0	0
>MA0120.1_id1	MA0120.1_id1/Jaspar	0
1	1	2	20
3	3	4	14
1	2	9	12
0	9	3	12
0	13	4	7
2	11	4	7
3	8	2	11
1	1	1	21
8	5	1	10
0	6	7	11
0	17	0	7
2	0	18	4
>MA0121.1_ARR10	MA0121.1_ARR10/Jaspar	0
14	1	0	0
0	0	15	0
14	0	1	0
0	0	0	15
4	6	0	5
1	8	0	6
0	0	9	6
3	6	4	2
>MA0123.1_abi4	MA0123.1_abi4/Jaspar	0
0	49	0	0
12	0	37	0
0	20	29	0
0	23	1	25
1	3	45	0
0	45	4	0
5	28	6	10
3	25	11	10
3	31	5	10
4	26	7	12
>MA0127.1_PEND	MA0127.1_PEND/Jaspar	0
30	2	8	2
6	19	7	10
1	0	2	39
4	0	4	34
3	33	2	4
0	2	2	38
2	0	1	39
32	7	2	1
4	3	0	35
2	5	14	21
>MA0128.1_EmBP-1	MA0128.1_EmBP-1/Jaspar	0
9	0	0	4
1	7	4	1
13	0	0	0
0	12	0	1
0	0	13	0
0	0	0	13
0	1	12	0
0	1	12	0
>MA0129.1_TGA1A	MA0129.1_TGA1A/Jaspar	0
4	4	0	7
13	0	1	1
0	14	0	1
2	0	13	0
1	0	0	14
0	15	0	0
13	0	1	1
>MA0548.1_AGL15	MA0548.1_AGL15/Jaspar	0
9	5	3	133
4	10	6	130
18	0	11	121
0	144	2	4
4	99	1	46
63	20	18	49
15	23	16	96
33	4	3	110
3	0	0	147
15	9	8	118
14	14	27	95
18	0	124	8
2	0	110	38
54	30	30	36
80	10	11	49
>MA0549.1_BES1	MA0549.1_BES1/Jaspar	0
23	45	10	21
41	8	50	0
0	99	0	0
89	0	4	6
0	99	0	0
0	0	99	0
0	0	0	99
3	0	96	0
16	5	36	42
17	33	46	3
36	29	33	1
>MA0550.1_BZR1	MA0550.1_BZR1/Jaspar	0
63	60	30	0
55	47	27	24
30	20	52	51
49	66	26	12
0	153	0	0
147	2	0	4
6	147	0	0
0	0	153	0
0	0	0	153
6	5	142	0
42	0	39	72
41	53	43	16
42	61	22	28
81	39	0	33
>MA0551.1_HY5	MA0551.1_HY5/Jaspar	0
103	60	68	89
108	56	62	94
52	55	30	183
9	8	279	24
150	165	1	4
0	317	1	2
310	1	9	0
3	311	5	1
1	5	311	3
0	9	1	310
2	1	317	0
4	1	165	150
24	279	8	9
183	30	55	52
94	62	56	108
89	68	60	103
>MA0552.1_PIL5	MA0552.1_PIL5/Jaspar	0
37	12	37	28
25	0	53	36
35	28	29	22
53	8	40	13
27	27	32	28
9	17	73	15
38	14	14	48
0	103	11	0
114	0	0	0
0	113	1	0
0	0	114	0
0	2	0	112
0	0	114	0
22	23	51	18
>MA0553.1_SMZ	MA0553.1_SMZ/Jaspar	0
0	105	0	42
0	119	28	0
0	0	0	147
0	147	0	0
0	0	147	0
0	0	25	122
135	12	0	0
0	147	0	0
>MA0554.1_SOC1	MA0554.1_SOC1/Jaspar	0
0	209	115	482
0	210	135	461
33	168	0	605
0	326	44	436
139	125	119	423
78	223	95	410
0	206	23	577
78	153	123	452
64	0	6	736
0	263	99	444
59	90	57	600
0	258	134	414
0	180	10	616
0	343	78	385
49	0	115	642
117	286	0	403
0	121	0	685
33	208	64	501
14	190	0	602
79	240	98	389
126	136	147	397
>MA0555.1_SVP	MA0555.1_SVP/Jaspar	0
28	24	21	19
28	11	8	45
28	1	10	53
33	16	11	32
7	85	0	0
3	79	1	9
58	16	7	11
67	5	8	12
86	0	0	6
77	1	2	12
78	8	3	3
34	10	14	34
16	0	74	2
0	0	92	0
71	10	0	11
84	2	2	4
77	7	2	6
34	8	39	11
50	16	5	21
38	21	3	30
>MA0556.1_AP3	MA0556.1_AP3/Jaspar	0
92	36	20	143
84	33	39	135
48	241	0	2
0	232	1	58
185	61	11	34
217	22	11	41
283	0	0	8
240	1	0	50
156	10	104	21
95	0	30	166
98	2	191	0
7	0	284	0
183	56	5	47
231	18	9	33
243	9	19	20
>MA0557.1_FHY3	MA0557.1_FHY3/Jaspar	0
46	81	40	68
75	58	25	77
9	210	9	7
226	3	2	4
2	230	1	2
3	16	213	3
0	220	0	15
4	0	228	3
18	208	6	3
16	40	17	162
63	68	40	64
82	44	50	59
>MA0558.1_FLC	MA0558.1_FLC/Jaspar	0
121	44	45	65
90	61	63	61
95	37	21	122
82	26	36	131
78	25	66	106
54	193	12	16
9	185	4	77
135	70	37	33
198	10	38	29
261	0	3	11
233	3	3	36
193	3	18	61
78	11	15	171
141	0	134	0
0	0	275	0
217	21	6	31
268	3	4	0
257	1	15	2
62	43	148	22
109	47	17	102
103	50	29	93
>MA0559.1_PI	MA0559.1_PI/Jaspar	0
156	335	48	19
57	394	44	63
357	79	67	55
448	12	83	15
551	1	4	2
498	0	12	48
301	8	244	5
312	14	69	163
231	0	327	0
7	6	545	0
446	54	7	51
495	7	24	32
456	26	60	16
256	58	199	45
>MA0560.1_PIF3	MA0560.1_PIF3/Jaspar	0
210	26	148	143
58	131	222	116
19	399	94	15
0	527	0	0
527	0	0	0
0	409	0	118
0	0	527	0
0	0	0	527
0	0	527	0
259	33	137	98
>MA0561.1_PIF4	MA0561.1_PIF4/Jaspar	0
0	335	0	0
335	0	0	0
0	335	0	0
49	0	286	0
0	0	0	335
0	0	335	0
0	99	183	53
64	206	65	0
>MA0562.1_PIF5	MA0562.1_PIF5/Jaspar	0
0	78	0	208
0	286	0	0
286	0	0	0
0	286	0	0
91	0	195	0
0	0	0	286
0	0	286	0
0	95	161	30
>MA0563.1_SEP3	MA0563.1_SEP3/Jaspar	0
24	37	29	60
19	111	5	15
1	97	1	51
77	0	0	73
12	28	5	105
19	0	5	126
0	0	0	150
9	0	24	117
11	3	22	114
9	0	138	3
0	7	114	29
>MA0564.1_ABI3	MA0564.1_ABI3/Jaspar	0
6	60	9	25
15	16	15	53
3	7	85	5
1	96	2	1
97	1	1	1
1	1	1	97
1	1	96	1
6	84	8	2
50	15	13	22
>MA0565.1_FUS3	MA0565.1_FUS3/Jaspar	0
8	61	4	28
1	2	97	1
1	99	0	0
99	0	0	1
1	0	1	99
0	0	99	1
1	97	2	1
29	3	59	9
15	44	25	16
>MA0566.1_MYC2	MA0566.1_MYC2/Jaspar	0
25	10	60	5
9	91	0	0
97	0	2	1
0	85	0	15
15	0	85	0
1	2	0	97
0	0	91	9
5	60	10	25
>MA0567.1_ERF1	MA0567.1_ERF1/Jaspar	0
42	54	3	1
1	1	98	1
0	98	1	1
4	96	0	0
2	0	97	1
2	92	2	4
1	98	1	1
58	5	24	12
>MA0568.1_MYC3	MA0568.1_MYC3/Jaspar	0
25	28	40	7
10	89	0	0
97	0	2	1
0	84	0	16
16	0	84	0
1	2	0	97
0	0	89	10
7	40	28	25
>MA0569.1_MYC4	MA0569.1_MYC4/Jaspar	0
38	18	36	8
5	95	0	0
99	0	0	1
0	94	0	6
2	0	98	0
0	1	0	99
0	0	98	2
2	72	8	17
>MA0570.1_ABF1	MA0570.1_ABF1/Jaspar	0
0	4	32	8
8	2	28	6
19	16	0	9
0	35	8	1
43	0	1	0
0	44	0	0
0	0	44	0
0	0	0	44
0	0	44	0
0	0	38	6
0	44	0	0
17	14	9	4
6	24	9	5
13	6	21	4
20	11	11	2
12	19	13	0
13	12	17	2
10	6	23	5
13	9	20	2
>MA0005.2_AG	MA0005.2_AG/Jaspar	0
21	20	6	19
9	3	3	51
10	0	1	55
29	8	8	21
0	66	0	0
0	65	0	1
31	3	6	26
47	2	0	17
52	0	1	13
25	0	1	40
17	15	11	23
19	8	20	19
7	0	57	2
2	0	54	10
22	17	5	22
45	4	5	12
40	6	9	11
15	10	16	25
>MA0571.1_ANT	MA0571.1_ANT/Jaspar	0
6	4	12	12
5	7	13	9
8	0	24	2
0	32	0	2
31	0	2	1
0	34	0	0
21	0	13	0
8	6	15	5
15	1	1	17
0	3	0	31
4	25	0	5
0	34	0	0
0	33	0	1
9	11	13	1
34	0	0	0
7	1	16	10
3	1	29	1
2	10	3	19
8	6	14	6
12	10	4	8
19	4	3	8
>MA0572.1_ATHB1	MA0572.1_ATHB1/Jaspar	0
1	5	3	10
4	5	3	10
3	13	4	3
22	1	0	1
25	0	0	0
0	0	0	25
0	5	0	20
25	0	0	0
0	0	0	25
0	0	0	25
3	1	12	0
2	8	4	1
>MA0110.2_ATHB5	MA0110.2_ATHB5/Jaspar	0
0	9	12	9
4	9	17	4
2	12	8	14
2	17	10	7
0	32	4	3
32	6	0	1
39	0	0	0
0	0	0	39
2	8	7	22
39	0	0	0
0	0	0	39
0	0	0	39
0	0	7	1
>MA0573.1_ATHB9	MA0573.1_ATHB9/Jaspar	0
4	2	1	2
5	3	3	3
5	4	2	5
3	8	2	5
0	1	25	0
0	6	0	20
25	0	1	0
26	0	0	0
0	0	0	26
0	0	26	0
26	0	0	0
0	0	0	26
0	0	3	23
17	0	9	0
0	25	1	0
5	1	4	7
2	6	0	4
0	3	4	3
0	5	3	0
>MA0574.1_AtMYB15	MA0574.1_AtMYB15/Jaspar	0
4	73	9	14
27	18	51	4
64	18	18	0
4	64	18	14
0	0	100	0
0	0	100	0
0	0	0	100
87	4	0	9
0	0	100	0
0	0	100	0
0	0	0	100
18	0	78	4
4	0	87	9
>MA0575.1_AtMYB77	MA0575.1_AtMYB77/Jaspar	0
33	30	20	17
57	17	17	9
27	9	37	27
6	30	20	44
9	6	82	3
68	3	23	6
0	100	0	0
50	0	50	0
0	0	100	0
0	0	0	100
0	0	0	100
68	3	26	3
3	55	30	12
>MA0576.1_AtMYB84	MA0576.1_AtMYB84/Jaspar	0
22	18	42	18
0	14	86	0
18	4	78	0
14	9	55	22
0	0	100	0
0	0	100	0
0	0	0	100
78	4	4	14
0	0	100	0
0	0	100	0
0	0	0	100
0	0	96	4
4	32	60	4
>MA0577.1_AtSPL3	MA0577.1_AtSPL3/Jaspar	0
13	3	9	9
8	2	8	16
14	0	6	14
10	1	13	10
13	15	1	5
2	29	2	1
0	0	34	0
0	0	0	34
34	0	0	0
0	34	0	0
10	7	7	10
13	6	2	13
8	9	4	13
10	8	2	14
12	7	0	15
9	12	3	10
>MA0578.1_AtSPL8	MA0578.1_AtSPL8/Jaspar	0
11	1	4	14
11	0	6	13
9	4	6	11
10	1	4	15
10	6	4	10
3	10	2	15
0	0	30	0
0	0	0	30
30	0	0	0
0	30	0	0
6	12	1	11
10	7	0	13
5	8	1	16
13	5	0	12
10	3	0	17
11	6	0	13
>MA0579.1_CDC5	MA0579.1_CDC5/Jaspar	0
28	24	32	15
17	26	55	2
0	92	4	4
2	2	0	96
6	85	0	8
91	2	2	4
2	0	93	4
2	93	5	0
4	4	91	0
2	55	27	16
18	23	45	14
>MA0580.1_DYT1	MA0580.1_DYT1/Jaspar	0
4	6	0	1
3	1	7	0
1	2	1	7
2	2	6	1
10	1	0	0
3	0	7	1
4	0	0	7
0	11	0	0
11	0	0	0
0	11	0	0
1	0	10	0
0	0	0	11
0	0	11	0
11	0	0	0
>MA0581.1_LEC2	MA0581.1_LEC2/Jaspar	0
107	86	119	175
96	163	165	63
2	475	0	10
487	0	0	0
0	0	0	487
0	0	487	0
0	487	0	0
301	30	156	0
115	218	60	94
228	86	44	129
96	79	62	250
>MA0582.1_RAV1	MA0582.1_RAV1/Jaspar	0
14	17	12	6
16	11	10	14
7	14	35	1
0	62	0	0
47	12	9	0
62	4	3	0
0	69	0	0
69	0	0	0
9	7	32	21
41	4	4	20
34	6	10	19
27	9	17	16
>MA0583.1_RAV1_(var.2)	MA0583.1_RAV1_(var.2)/Jaspar	0
22	12	10	18
13	15	8	28
8	49	1	7
40	6	8	11
1	56	3	5
0	65	0	0
0	0	0	65
0	0	58	0
24	7	19	5
12	15	18	9
12	14	16	10
8	20	5	13
>MA0584.1_SEP1	MA0584.1_SEP1/Jaspar	0
14	15	7	15
14	6	10	21
11	4	6	30
19	7	9	16
0	51	0	0
0	46	0	5
39	5	1	6
20	2	4	25
37	0	0	14
25	0	0	26
28	4	4	15
4	6	3	38
26	0	25	0
0	0	51	0
23	11	3	14
40	3	0	8
33	5	5	8
6	8	17	20
>MA0001.2_SEP4	MA0001.2_SEP4/Jaspar	0
22	29	34	10
16	9	29	41
25	8	4	58
27	16	13	39
0	92	0	3
0	79	0	16
82	1	2	10
40	4	3	48
56	0	1	38
35	0	0	60
65	1	4	25
25	4	3	63
64	0	28	3
0	0	92	3
33	14	15	33
52	5	7	31
45	23	13	14
21	24	26	24
>MA0585.1_SHP1	MA0585.1_SHP1/Jaspar	0
21	11	15	18
12	6	9	38
4	1	9	51
21	5	22	17
0	65	0	0
1	63	1	0
30	6	7	22
31	4	8	22
42	1	1	21
26	3	2	34
14	14	9	28
15	8	28	14
7	0	56	2
4	0	56	5
26	6	5	28
48	10	4	3
39	9	8	9
18	15	19	13
>MA0586.1_SPL14	MA0586.1_SPL14/Jaspar	0
2	5	4	9
4	6	4	6
4	5	6	5
4	8	1	7
3	4	9	4
3	1	4	12
0	20	0	0
0	20	0	0
0	0	20	0
0	0	0	20
20	0	0	0
0	20	0	0
12	0	8	0
6	3	8	3
4	3	7	6
8	3	5	4
3	4	8	5
3	6	8	3
5	1	11	3
>MA0587.1_TCP16	MA0587.1_TCP16/Jaspar	0
3	0	60	1
1	3	0	60
0	0	64	0
0	0	64	0
32	8	15	9
1	60	2	1
0	64	0	0
0	64	0	0
18	10	29	7
12	20	26	6
>MA0588.1_TGA1	MA0588.1_TGA1/Jaspar	0
2	5	6	10
3	8	16	2
11	9	12	0
0	0	0	36
0	0	36	0
36	0	0	0
0	33	0	3
2	0	34	0
1	3	2	20
6	5	6	5
11	0	6	7
>MA0589.1_ZAP1	MA0589.1_ZAP1/Jaspar	0
0	0	0	50
0	0	0	50
0	0	50	0
50	0	0	0
0	50	0	0
1	47	1	1
2	5	40	3
32	11	4	3
2	7	37	4
2	28	5	14
8	20	5	13
>MA0590.1_LFY	MA0590.1_LFY/Jaspar	0
32	104	49	199
266	13	17	80
56	75	12	325
20	7	178	360
126	0	246	4
228	43	2	50
10	364	0	8
0	358	0	19
94	2	273	10
35	174	174	35
10	273	2	94
19	0	358	0
8	0	364	10
50	2	43	228
4	246	0	126
360	178	7	20
325	12	75	56
80	17	13	266
199	49	104	32
