>GTKGAATTGT	1-GTKGAATTGT	6.093253	-15.688843	0	T:9.0(56.25%),B:0.2(0.42%),P:1e-6	Tpos:54.0,Tstd:27.6,Bpos:70.0,Bstd:0.0,StrandBias:0.3,Multiplicity:1.22
0.171	0.022	0.803	0.004
0.001	0.171	0.085	0.743
0.001	0.171	0.400	0.428
0.196	0.001	0.632	0.171
0.657	0.171	0.001	0.171
0.636	0.107	0.086	0.171
0.171	0.001	0.085	0.743
0.001	0.088	0.001	0.910
0.001	0.085	0.807	0.107
0.086	0.086	0.086	0.742
>TAAAAAAACC	2-TAAAAAAACC	7.307679	-13.869163	0	T:10.0(62.50%),B:2.1(3.71%),P:1e-6	Tpos:47.4,Tstd:32.0,Bpos:59.3,Bstd:9.8,StrandBias:-0.2,Multiplicity:1.10
0.093	0.281	0.001	0.625
0.719	0.187	0.093	0.001
0.813	0.093	0.001	0.093
0.997	0.001	0.001	0.001
0.718	0.094	0.094	0.094
0.905	0.001	0.001	0.093
0.905	0.001	0.001	0.093
0.905	0.093	0.001	0.001
0.094	0.698	0.021	0.187
0.094	0.791	0.021	0.094
>AAGTGTCTAT	3-AAGTGTCTAT	3.608873	-13.625150	0	T:8.0(50.00%),B:0.8(1.43%),P:1e-5	Tpos:43.4,Tstd:24.9,Bpos:74.9,Bstd:8.5,StrandBias:0.7,Multiplicity:1.00
0.997	0.001	0.001	0.001
0.780	0.218	0.001	0.001
0.146	0.001	0.707	0.146
0.001	0.001	0.001	0.997
0.001	0.001	0.997	0.001
0.001	0.001	0.072	0.926
0.254	0.744	0.001	0.001
0.364	0.001	0.036	0.599
0.816	0.001	0.182	0.001
0.001	0.001	0.109	0.889
>TGTCACACAW	4-TGTCACACAW	6.771515	-10.621326	0	T:9.0(56.25%),B:3.6(6.40%),P:1e-4	Tpos:50.9,Tstd:17.9,Bpos:34.0,Bstd:0.0,StrandBias:0.3,Multiplicity:1.00
0.001	0.397	0.001	0.601
0.044	0.001	0.724	0.231
0.352	0.001	0.001	0.646
0.001	0.633	0.179	0.187
0.997	0.001	0.001	0.001
0.001	0.822	0.176	0.001
0.589	0.001	0.409	0.001
0.090	0.557	0.352	0.001
0.531	0.233	0.011	0.225
0.352	0.001	0.234	0.412
>ATCTTTYTTD	5-ATCTTTYTTD	8.176941	-7.999930	0	T:5.0(31.25%),B:0.2(0.43%),P:1e-3	Tpos:32.8,Tstd:21.5,Bpos:57.0,Bstd:0.0,StrandBias:-0.6,Multiplicity:1.00
0.997	0.001	0.001	0.001
0.001	0.001	0.001	0.997
0.001	0.997	0.001	0.001
0.001	0.001	0.001	0.997
0.001	0.083	0.001	0.915
0.001	0.001	0.001	0.997
0.083	0.375	0.167	0.375
0.001	0.001	0.001	0.997
0.001	0.001	0.001	0.997
0.250	0.001	0.374	0.374
>GGCATAGKGYGA	1-GGCATAGKGYGA	6.056845	-15.992638	0	T:11.0(68.75%),B:2.1(3.73%),P:1e-6	Tpos:56.5,Tstd:14.4,Bpos:54.8,Bstd:13.8,StrandBias:0.7,Multiplicity:1.09
0.282	0.264	0.453	0.001
0.085	0.001	0.913	0.001
0.366	0.632	0.001	0.001
0.711	0.184	0.091	0.014
0.196	0.257	0.001	0.546
0.527	0.086	0.103	0.284
0.085	0.001	0.743	0.171
0.001	0.171	0.453	0.375
0.001	0.001	0.997	0.001
0.110	0.441	0.086	0.363
0.098	0.257	0.474	0.171
0.632	0.196	0.001	0.171
>ACTAAAACGWGG	2-ACTAAAACGWGG	6.347568	-13.625150	0	T:8.0(50.00%),B:0.8(1.44%),P:1e-5	Tpos:40.6,Tstd:31.6,Bpos:80.5,Bstd:4.0,StrandBias:0.3,Multiplicity:1.12
0.588	0.059	0.001	0.352
0.176	0.822	0.001	0.001
0.352	0.001	0.001	0.646
0.822	0.176	0.001	0.001
0.997	0.001	0.001	0.001
0.822	0.001	0.001	0.176
0.588	0.235	0.001	0.176
0.001	0.997	0.001	0.001
0.001	0.352	0.646	0.001
0.470	0.176	0.001	0.352
0.001	0.059	0.764	0.176
0.176	0.176	0.471	0.176
>GGYATAAAAGAY	3-GGYATAAAAGAY	6.279863	-11.547694	0	T:8.0(50.00%),B:1.9(3.36%),P:1e-5	Tpos:41.4,Tstd:25.8,Bpos:55.3,Bstd:14.7,StrandBias:0.4,Multiplicity:1.62
0.094	0.281	0.491	0.134
0.201	0.001	0.489	0.310
0.094	0.375	0.094	0.438
0.663	0.001	0.323	0.013
0.389	0.001	0.001	0.609
0.683	0.001	0.194	0.122
0.813	0.093	0.001	0.093
0.905	0.001	0.001	0.093
0.785	0.107	0.001	0.107
0.308	0.001	0.686	0.005
0.811	0.001	0.001	0.187
0.126	0.377	0.094	0.404
>WAADTGTRAATC	4-WAADTGTRAATC	4.455837	-9.791689	0	T:6.0(37.50%),B:0.4(0.67%),P:1e-4	Tpos:61.3,Tstd:20.4,Bpos:65.0,Bstd:0.0,StrandBias:0.4,Multiplicity:1.40
0.390	0.211	0.001	0.398
0.922	0.001	0.076	0.001
0.997	0.001	0.001	0.001
0.374	0.001	0.374	0.250
0.001	0.001	0.001	0.997
0.166	0.001	0.832	0.001
0.001	0.001	0.149	0.849
0.540	0.001	0.458	0.001
0.997	0.001	0.001	0.001
0.764	0.001	0.001	0.234
0.001	0.001	0.398	0.600
0.001	0.959	0.001	0.039
>AKWCTTRMAAGT	5-AKWCTTRMAAGT	7.707530	-6.280144	0	T:4.0(25.00%),B:0.0(0.00%),P:1e-2	Tpos:52.7,Tstd:19.1,Bpos:0.0,Bstd:0.0,StrandBias:1.3,Multiplicity:1.25
0.624	0.374	0.001	0.001
0.100	0.150	0.375	0.375
0.574	0.001	0.001	0.424
0.374	0.624	0.001	0.001
0.001	0.001	0.001	0.997
0.001	0.001	0.049	0.949
0.424	0.001	0.574	0.001
0.424	0.424	0.001	0.150
0.997	0.001	0.001	0.001
0.949	0.001	0.001	0.049
0.001	0.001	0.997	0.001
0.001	0.001	0.001	0.997
>ATTYCACA	1-ATTYCACA	5.914442	-19.138275	0	T:14.0(87.50%),B:5.6(10.00%),P:1e-8	Tpos:53.4,Tstd:26.2,Bpos:38.6,Bstd:15.3,StrandBias:-0.2,Multiplicity:1.21
0.895	0.001	0.001	0.103
0.001	0.310	0.207	0.482
0.103	0.001	0.001	0.895
0.001	0.427	0.001	0.571
0.103	0.895	0.001	0.001
0.792	0.001	0.206	0.001
0.103	0.855	0.041	0.001
0.882	0.001	0.001	0.116
>AAAAAACC	2-AAAAAACC	7.992463	-11.663491	0	T:7.0(43.75%),B:0.5(0.95%),P:1e-5	Tpos:59.7,Tstd:32.6,Bpos:46.3,Bstd:12.9,StrandBias:-0.3,Multiplicity:1.14
0.888	0.110	0.001	0.001
0.997	0.001	0.001	0.001
0.997	0.001	0.001	0.001
0.888	0.001	0.001	0.110
0.888	0.001	0.001	0.110
0.888	0.110	0.001	0.001
0.225	0.664	0.110	0.001
0.110	0.888	0.001	0.001
>WTGTGAGT	3-WTGTGAGT	7.036683	-11.547694	0	T:8.0(50.00%),B:2.0(3.56%),P:1e-5	Tpos:50.7,Tstd:27.2,Bpos:42.0,Bstd:16.8,StrandBias:2.6,Multiplicity:1.00
0.392	0.176	0.001	0.431
0.001	0.001	0.176	0.822
0.001	0.001	0.997	0.001
0.352	0.001	0.001	0.646
0.215	0.176	0.608	0.001
0.997	0.001	0.001	0.001
0.176	0.001	0.784	0.039
0.001	0.176	0.001	0.822
>CTGTAAAG	4-CTGTAAAG	6.136893	-9.715352	0	T:7.0(43.75%),B:1.6(2.82%),P:1e-4	Tpos:56.9,Tstd:32.0,Bpos:36.6,Bstd:11.9,StrandBias:0.4,Multiplicity:1.00
0.231	0.476	0.292	0.001
0.214	0.001	0.214	0.571
0.039	0.001	0.955	0.005
0.001	0.214	0.221	0.564
0.746	0.001	0.252	0.001
0.997	0.001	0.001	0.001
0.519	0.259	0.006	0.216
0.219	0.039	0.741	0.001
>TAWGCCAT	5-TAWGCCAT	6.648791	-7.987191	0	T:6.0(37.50%),B:1.7(2.96%),P:1e-3	Tpos:63.6,Tstd:28.5,Bpos:38.3,Bstd:20.9,StrandBias:0.0,Multiplicity:1.50
0.001	0.001	0.001	0.997
0.699	0.001	0.001	0.299
0.427	0.001	0.001	0.571
0.001	0.001	0.763	0.235
0.214	0.550	0.235	0.001
0.001	0.684	0.001	0.314
0.997	0.001	0.001	0.001
0.001	0.001	0.213	0.785
