>GTTGAAWTGT	1-GTTGAAWTGT	6.021474	-15.470168	0	T:11.0(68.75%),B:3.8(6.13%),P:1e-6	Tpos:49.3,Tstd:31.9,Bpos:58.9,Bstd:16.8,StrandBias:0.6,Multiplicity:1.36
0.284	0.094	0.621	0.001
0.001	0.376	0.094	0.529
0.001	0.116	0.309	0.574
0.194	0.001	0.800	0.005
0.695	0.022	0.001	0.282
0.576	0.117	0.188	0.119
0.378	0.001	0.094	0.527
0.001	0.002	0.001	0.996
0.001	0.094	0.695	0.210
0.002	0.094	0.001	0.903
>TGTGTGAAMT	2-TGTGTGAAMT	6.798118	-14.307135	0	T:8.0(50.00%),B:0.2(0.38%),P:1e-6	Tpos:58.1,Tstd:19.2,Bpos:20.0,Bstd:0.0,StrandBias:-0.7,Multiplicity:1.00
0.150	0.001	0.246	0.603
0.001	0.150	0.699	0.150
0.001	0.001	0.001	0.997
0.032	0.301	0.666	0.001
0.001	0.001	0.001	0.997
0.150	0.001	0.817	0.032
0.997	0.001	0.001	0.001
0.848	0.001	0.001	0.150
0.397	0.452	0.001	0.150
0.150	0.150	0.001	0.699
>TTTTTTMTDC	3-TTTTTTMTDC	6.340826	-13.337651	0	T:10.0(62.50%),B:3.4(5.48%),P:1e-5	Tpos:41.4,Tstd:29.7,Bpos:42.6,Bstd:26.9,StrandBias:1.3,Multiplicity:1.30
0.188	0.001	0.001	0.810
0.001	0.001	0.001	0.997
0.186	0.001	0.001	0.812
0.301	0.001	0.187	0.511
0.005	0.301	0.001	0.693
0.001	0.001	0.342	0.656
0.384	0.459	0.156	0.001
0.318	0.001	0.001	0.680
0.316	0.001	0.309	0.374
0.001	0.989	0.009	0.001
>AAAACGWKAC	4-AAAACGWKAC	6.625646	-10.295770	0	T:6.0(37.50%),B:0.0(0.00%),P:1e-4	Tpos:60.3,Tstd:26.6,Bpos:0.0,Bstd:0.0,StrandBias:0.4,Multiplicity:1.17
0.997	0.001	0.001	0.001
0.619	0.001	0.001	0.379
0.997	0.001	0.001	0.001
0.990	0.001	0.001	0.008
0.001	0.933	0.001	0.065
0.001	0.147	0.851	0.001
0.445	0.165	0.001	0.388
0.001	0.175	0.436	0.388
0.842	0.001	0.156	0.001
0.001	0.602	0.001	0.396
>GACAAAAAAV	5-GACAAAAAAV	9.004858	-6.611446	0	T:4.0(25.00%),B:0.0(0.00%),P:1e-2	Tpos:27.5,Tstd:31.7,Bpos:0.0,Bstd:0.0,StrandBias:0.0,Multiplicity:1.00
0.379	0.001	0.619	0.001
0.997	0.001	0.001	0.001
0.056	0.942	0.001	0.001
0.619	0.001	0.379	0.001
0.997	0.001	0.001	0.001
0.997	0.001	0.001	0.001
0.997	0.001	0.001	0.001
0.997	0.001	0.001	0.001
0.907	0.091	0.001	0.001
0.379	0.379	0.240	0.001
>ACAATTGMAART	1-ACAATTGMAART	6.486216	-12.255865	0	T:7.0(43.75%),B:0.3(0.42%),P:1e-5	Tpos:52.6,Tstd:24.0,Bpos:12.0,Bstd:0.0,StrandBias:0.8,Multiplicity:1.29
0.997	0.001	0.001	0.001
0.234	0.545	0.220	0.001
0.956	0.001	0.001	0.042
0.618	0.204	0.001	0.177
0.042	0.001	0.177	0.780
0.001	0.001	0.177	0.821
0.178	0.178	0.467	0.178
0.398	0.355	0.220	0.027
0.997	0.001	0.001	0.001
0.997	0.001	0.001	0.001
0.355	0.001	0.467	0.177
0.001	0.001	0.001	0.997
>TTTGDTATGTGV	2-TTTGDTATGTGV	3.504480	-11.696497	0	T:12.0(75.00%),B:9.8(15.98%),P:1e-5	Tpos:51.4,Tstd:34.8,Bpos:60.3,Bstd:34.5,StrandBias:0.2,Multiplicity:1.36
0.001	0.001	0.280	0.718
0.126	0.001	0.001	0.872
0.386	0.001	0.001	0.612
0.001	0.051	0.573	0.375
0.371	0.001	0.290	0.337
0.326	0.001	0.001	0.672
0.661	0.001	0.287	0.051
0.323	0.001	0.048	0.628
0.001	0.323	0.675	0.001
0.001	0.001	0.001	0.997
0.001	0.048	0.665	0.286
0.278	0.327	0.287	0.108
>NHHDYMMVWDKY	3-NHHDYMMVWDKY	2.981762	-11.363669	0	T:9.0(56.25%),B:3.8(6.19%),P:1e-4	Tpos:53.0,Tstd:25.2,Bpos:67.2,Bstd:19.9,StrandBias:-1.4,Multiplicity:1.22
0.197	0.250	0.285	0.269
0.320	0.197	0.144	0.339
0.250	0.320	0.162	0.268
0.304	0.162	0.338	0.197
0.198	0.373	0.197	0.232
0.394	0.284	0.196	0.127
0.270	0.355	0.196	0.179
0.287	0.338	0.232	0.144
0.393	0.161	0.107	0.339
0.356	0.143	0.233	0.268
0.108	0.109	0.426	0.356
0.144	0.355	0.162	0.339
>ASAGTATTTTTT	4-ASAGTATTTTTT	6.996594	-6.191707	0	T:7.0(43.75%),B:5.9(9.58%),P:1e-2	Tpos:54.9,Tstd:27.3,Bpos:41.8,Bstd:41.6,StrandBias:1.6,Multiplicity:1.00
0.778	0.208	0.008	0.006
0.124	0.336	0.429	0.110
0.657	0.006	0.013	0.324
0.122	0.235	0.428	0.215
0.208	0.116	0.111	0.565
0.623	0.314	0.019	0.044
0.110	0.214	0.110	0.566
0.111	0.001	0.110	0.778
0.214	0.012	0.002	0.772
0.219	0.001	0.001	0.779
0.110	0.104	0.013	0.773
0.312	0.012	0.006	0.670
>DYATSRCATSTG	5-DYATSRCATSTG	6.319132	-4.872331	0	T:3.0(18.75%),B:0.7(1.15%),P:1e-2	Tpos:55.4,Tstd:21.5,Bpos:0.0,Bstd:0.0,StrandBias:0.6,Multiplicity:1.33
0.343	0.001	0.396	0.260
0.001	0.486	0.079	0.434
0.729	0.012	0.175	0.084
0.079	0.345	0.079	0.497
0.010	0.406	0.494	0.090
0.395	0.100	0.504	0.001
0.001	0.655	0.079	0.265
0.661	0.164	0.096	0.079
0.083	0.001	0.001	0.915
0.164	0.335	0.412	0.090
0.186	0.159	0.164	0.491
0.164	0.255	0.407	0.174
>TCACACTT	1-TCACACTT	6.618564	-16.461800	0	T:9.0(56.25%),B:0.8(1.30%),P:1e-7	Tpos:64.8,Tstd:17.7,Bpos:57.9,Bstd:15.1,StrandBias:0.3,Multiplicity:1.00
0.009	0.001	0.073	0.917
0.073	0.844	0.001	0.082
0.853	0.001	0.073	0.073
0.073	0.853	0.001	0.073
0.780	0.001	0.073	0.146
0.239	0.604	0.001	0.156
0.293	0.146	0.001	0.560
0.147	0.147	0.073	0.633
>CTGTAAAG	2-CTGTAAAG	5.518237	-14.716732	0	T:10.0(62.50%),B:2.1(3.38%),P:1e-6	Tpos:47.0,Tstd:28.5,Bpos:62.8,Bstd:19.2,StrandBias:0.7,Multiplicity:1.30
0.031	0.837	0.131	0.001
0.130	0.001	0.001	0.868
0.001	0.001	0.997	0.001
0.131	0.262	0.032	0.575
0.606	0.001	0.392	0.001
0.997	0.001	0.001	0.001
0.737	0.131	0.001	0.131
0.131	0.131	0.737	0.001
>ATAAAGAT	3-ATAAAGAT	6.413642	-14.256439	0	T:9.0(56.25%),B:1.1(1.76%),P:1e-6	Tpos:47.6,Tstd:33.1,Bpos:31.6,Bstd:15.3,StrandBias:0.2,Multiplicity:1.44
0.598	0.001	0.158	0.243
0.085	0.085	0.085	0.745
0.920	0.001	0.001	0.078
0.997	0.001	0.001	0.001
0.755	0.243	0.001	0.001
0.165	0.237	0.519	0.079
0.684	0.079	0.158	0.079
0.085	0.001	0.079	0.835
>TTATGTGC	4-TTATGTGC	8.509757	-10.295770	0	T:6.0(37.50%),B:0.0(0.00%),P:1e-4	Tpos:57.2,Tstd:34.7,Bpos:0.0,Bstd:0.0,StrandBias:0.0,Multiplicity:1.00
0.166	0.001	0.001	0.832
0.001	0.001	0.001	0.997
0.997	0.001	0.001	0.001
0.001	0.001	0.001	0.997
0.001	0.166	0.667	0.166
0.001	0.166	0.001	0.832
0.001	0.001	0.997	0.001
0.001	0.832	0.001	0.166
>TGCGGCRT	5-TGCGGCRT	6.842878	-8.416999	0	T:5.0(31.25%),B:0.0(0.00%),P:1e-3	Tpos:57.1,Tstd:29.7,Bpos:0.0,Bstd:0.0,StrandBias:0.6,Multiplicity:1.60
0.001	0.001	0.001	0.997
0.359	0.001	0.639	0.001
0.001	0.686	0.150	0.163
0.001	0.301	0.697	0.001
0.001	0.058	0.940	0.001
0.150	0.686	0.001	0.163
0.547	0.001	0.451	0.001
0.001	0.001	0.001	0.997
