>TGTGAACT	1-TGTGAACT	5.618646	-14.851293	0	T:10.0(62.50%),B:2.9(4.68%),P:1e-6	Tpos:58.0,Tstd:26.4,Bpos:34.7,Bstd:19.0,StrandBias:-0.8,Multiplicity:1.10
0.101	0.001	0.001	0.897
0.001	0.094	0.717	0.188
0.094	0.023	0.001	0.882
0.196	0.001	0.709	0.094
0.802	0.094	0.103	0.001
0.613	0.094	0.190	0.103
0.204	0.582	0.102	0.112
0.001	0.102	0.102	0.795
>ACAAAAAT	2-ACAAAAAT	7.885582	-14.415349	0	T:8.0(50.00%),B:0.5(0.84%),P:1e-6	Tpos:33.5,Tstd:32.4,Bpos:53.9,Bstd:22.2,StrandBias:-0.7,Multiplicity:1.62
0.899	0.001	0.099	0.001
0.001	0.899	0.001	0.099
0.997	0.001	0.001	0.001
0.997	0.001	0.001	0.001
0.799	0.100	0.100	0.001
0.799	0.100	0.100	0.001
0.899	0.001	0.099	0.001
0.100	0.100	0.001	0.799
>CTGTAAAG	3-CTGTAAAG	5.949858	-9.002811	0	T:7.0(43.75%),B:2.1(3.32%),P:1e-3	Tpos:54.1,Tstd:24.7,Bpos:33.3,Bstd:15.7,StrandBias:0.8,Multiplicity:1.83
0.355	0.620	0.024	0.001
0.177	0.001	0.001	0.821
0.001	0.001	0.797	0.201
0.178	0.202	0.183	0.437
0.797	0.001	0.201	0.001
0.997	0.001	0.001	0.001
0.792	0.201	0.001	0.006
0.225	0.001	0.773	0.001
>ATGCGGVA	4-ATGCGGVA	6.365383	-6.825673	0	T:5.0(31.25%),B:1.3(2.07%),P:1e-2	Tpos:46.8,Tstd:29.5,Bpos:72.6,Bstd:13.4,StrandBias:0.7,Multiplicity:1.60
0.997	0.001	0.001	0.001
0.001	0.001	0.275	0.723
0.078	0.001	0.637	0.284
0.275	0.723	0.001	0.001
0.001	0.074	0.924	0.001
0.001	0.075	0.649	0.275
0.276	0.365	0.284	0.075
0.997	0.001	0.001	0.001
>TATGVTAT	5-TATGVTAT	7.558051	-4.911551	0	T:3.0(18.75%),B:0.4(0.72%),P:1e-2	Tpos:73.8,Tstd:23.4,Bpos:73.0,Bstd:0.0,StrandBias:0.0,Multiplicity:1.67
0.001	0.001	0.001	0.997
0.618	0.106	0.001	0.275
0.275	0.001	0.001	0.723
0.001	0.001	0.997	0.001
0.275	0.407	0.316	0.001
0.106	0.342	0.001	0.551
0.997	0.001	0.001	0.001
0.001	0.001	0.001	0.997
