>TTTGTTATGC	1-TTTGTTATGC	6.638561	-19.500704	0	T:12.0(75.00%),B:2.2(3.48%),P:1e-8	Tpos:48.9,Tstd:33.7,Bpos:61.0,Bstd:10.3,StrandBias:1.2,Multiplicity:1.18
0.392	0.001	0.064	0.543
0.001	0.001	0.001	0.997
0.192	0.128	0.001	0.679
0.073	0.009	0.596	0.322
0.064	0.066	0.064	0.806
0.072	0.001	0.320	0.607
0.735	0.136	0.128	0.001
0.127	0.001	0.001	0.871
0.128	0.081	0.663	0.128
0.192	0.543	0.064	0.201
>WYKGTATTGT	2-WYKGTATTGT	7.298374	-18.872599	0	T:10.0(62.50%),B:0.6(0.92%),P:1e-8	Tpos:48.2,Tstd:30.2,Bpos:23.6,Bstd:4.0,StrandBias:-0.5,Multiplicity:1.20
0.429	0.001	0.275	0.294
0.001	0.546	0.001	0.452
0.001	0.001	0.535	0.463
0.001	0.001	0.704	0.294
0.273	0.001	0.001	0.725
0.545	0.011	0.134	0.310
0.332	0.001	0.001	0.666
0.001	0.001	0.001	0.997
0.001	0.011	0.580	0.408
0.001	0.272	0.001	0.726
>AVAGTGCAMA	3-AVAGTGCAMA	6.384857	-12.349894	0	T:7.0(43.75%),B:0.0(0.00%),P:1e-5	Tpos:52.4,Tstd:24.2,Bpos:0.0,Bstd:0.0,StrandBias:1.8,Multiplicity:1.29
0.903	0.001	0.095	0.001
0.353	0.275	0.371	0.001
0.997	0.001	0.001	0.001
0.001	0.001	0.997	0.001
0.275	0.001	0.001	0.723
0.001	0.078	0.598	0.323
0.001	0.708	0.001	0.290
0.997	0.001	0.001	0.001
0.550	0.448	0.001	0.001
0.951	0.047	0.001	0.001
>CTTGTWARTA	4-CTTGTWARTA	6.906052	-12.325250	0	T:8.0(50.00%),B:1.5(2.36%),P:1e-5	Tpos:48.2,Tstd:22.7,Bpos:66.3,Bstd:21.4,StrandBias:0.3,Multiplicity:1.00
0.001	0.567	0.216	0.216
0.001	0.001	0.230	0.768
0.001	0.001	0.001	0.997
0.253	0.001	0.745	0.001
0.001	0.305	0.001	0.693
0.567	0.001	0.001	0.431
0.746	0.001	0.216	0.037
0.483	0.001	0.515	0.001
0.037	0.216	0.001	0.746
0.741	0.001	0.001	0.257
>KMAARSTTTT	5-KMAARSTTTT	7.263765	-10.375813	0	T:6.0(37.50%),B:0.0(0.00%),P:1e-4	Tpos:66.2,Tstd:18.7,Bpos:0.0,Bstd:0.0,StrandBias:2.8,Multiplicity:1.17
0.149	0.018	0.440	0.393
0.431	0.302	0.266	0.001
0.868	0.130	0.001	0.001
0.850	0.148	0.001	0.001
0.566	0.001	0.432	0.001
0.174	0.393	0.415	0.018
0.279	0.001	0.001	0.719
0.262	0.001	0.022	0.715
0.001	0.001	0.001	0.997
0.001	0.131	0.017	0.851
