>AATTTTTRTKCT	1-AATTTTTRTKCT	7.604830	-14.415349	0	T:8.0(50.00%),B:0.8(1.33%),P:1e-6	Tpos:27.1,Tstd:22.5,Bpos:99.0,Bstd:0.0,StrandBias:-0.3,Multiplicity:1.29
0.718	0.094	0.094	0.094
0.811	0.187	0.001	0.001
0.094	0.020	0.094	0.792
0.001	0.282	0.247	0.470
0.039	0.188	0.001	0.772
0.001	0.001	0.019	0.979
0.093	0.001	0.001	0.905
0.376	0.094	0.341	0.188
0.207	0.001	0.001	0.791
0.188	0.001	0.435	0.376
0.114	0.510	0.094	0.282
0.187	0.001	0.001	0.811
>TTTTATBTGCGC	2-TTTTATBTGCGC	6.791442	-13.470838	0	T:10.0(62.50%),B:3.1(4.96%),P:1e-5	Tpos:52.8,Tstd:29.9,Bpos:59.8,Bstd:19.1,StrandBias:0.4,Multiplicity:1.10
0.001	0.079	0.158	0.762
0.079	0.079	0.238	0.604
0.078	0.001	0.001	0.920
0.079	0.158	0.001	0.762
0.586	0.001	0.079	0.334
0.001	0.001	0.092	0.906
0.163	0.238	0.362	0.238
0.079	0.079	0.001	0.841
0.001	0.013	0.670	0.316
0.186	0.720	0.001	0.093
0.238	0.093	0.432	0.238
0.237	0.497	0.001	0.265
>YMYYTTTKTKRC	3-YMYYTTTKTKRC	5.329628	-11.481719	0	T:9.0(56.25%),B:3.6(5.72%),P:1e-4	Tpos:49.9,Tstd:28.5,Bpos:52.1,Bstd:11.9,StrandBias:-0.8,Multiplicity:1.25
0.173	0.363	0.206	0.258
0.463	0.356	0.173	0.008
0.014	0.437	0.179	0.370
0.006	0.443	0.174	0.377
0.258	0.001	0.179	0.562
0.092	0.007	0.027	0.874
0.086	0.001	0.086	0.827
0.178	0.185	0.372	0.265
0.001	0.264	0.258	0.477
0.092	0.172	0.365	0.371
0.296	0.001	0.438	0.265
0.198	0.702	0.087	0.013
>AHAWTTGYAAGT	4-AHAWTTGYAAGT	7.728215	-10.824233	0	T:8.0(50.00%),B:2.0(3.25%),P:1e-4	Tpos:52.9,Tstd:25.5,Bpos:45.7,Bstd:16.6,StrandBias:0.3,Multiplicity:1.00
0.635	0.187	0.001	0.177
0.246	0.215	0.181	0.358
0.788	0.001	0.034	0.177
0.426	0.218	0.001	0.355
0.385	0.001	0.001	0.613
0.001	0.001	0.001	0.997
0.218	0.181	0.600	0.001
0.001	0.389	0.211	0.399
0.613	0.001	0.385	0.001
0.997	0.001	0.001	0.001
0.181	0.001	0.603	0.215
0.001	0.001	0.001	0.997
>MWCGCATCASAG	5-MWCGCATCASAG	5.608938	-10.824233	0	T:8.0(50.00%),B:2.5(3.93%),P:1e-4	Tpos:49.0,Tstd:27.3,Bpos:64.7,Bstd:8.8,StrandBias:-0.7,Multiplicity:1.62
0.415	0.277	0.131	0.177
0.429	0.131	0.001	0.439
0.001	0.525	0.147	0.327
0.278	0.146	0.440	0.137
0.015	0.839	0.131	0.015
0.571	0.297	0.131	0.001
0.015	0.031	0.262	0.692
0.031	0.541	0.131	0.297
0.721	0.001	0.147	0.131
0.001	0.561	0.437	0.001
0.708	0.029	0.001	0.262
0.176	0.001	0.656	0.167
