>TTTGTTATGC	1-TTTGTTATGC	6.638561	-19.500704	0	T:12.0(75.00%),B:2.2(3.48%),P:1e-8	Tpos:48.9,Tstd:33.7,Bpos:61.0,Bstd:10.3,StrandBias:1.2,Multiplicity:1.18
0.392	0.001	0.064	0.543
0.001	0.001	0.001	0.997
0.192	0.128	0.001	0.679
0.073	0.009	0.596	0.322
0.064	0.066	0.064	0.806
0.072	0.001	0.320	0.607
0.735	0.136	0.128	0.001
0.127	0.001	0.001	0.871
0.128	0.081	0.663	0.128
0.192	0.543	0.064	0.201
>WYKGTATTGT	2-WYKGTATTGT	7.298374	-18.872599	0	T:10.0(62.50%),B:0.6(0.92%),P:1e-8	Tpos:48.2,Tstd:30.2,Bpos:23.6,Bstd:4.0,StrandBias:-0.5,Multiplicity:1.20
0.429	0.001	0.275	0.294
0.001	0.546	0.001	0.452
0.001	0.001	0.535	0.463
0.001	0.001	0.704	0.294
0.273	0.001	0.001	0.725
0.545	0.011	0.134	0.310
0.332	0.001	0.001	0.666
0.001	0.001	0.001	0.997
0.001	0.011	0.580	0.408
0.001	0.272	0.001	0.726
>AVAGTGCAMA	3-AVAGTGCAMA	6.384857	-12.349894	0	T:7.0(43.75%),B:0.0(0.00%),P:1e-5	Tpos:52.4,Tstd:24.2,Bpos:0.0,Bstd:0.0,StrandBias:1.8,Multiplicity:1.29
0.903	0.001	0.095	0.001
0.353	0.275	0.371	0.001
0.997	0.001	0.001	0.001
0.001	0.001	0.997	0.001
0.275	0.001	0.001	0.723
0.001	0.078	0.598	0.323
0.001	0.708	0.001	0.290
0.997	0.001	0.001	0.001
0.550	0.448	0.001	0.001
0.951	0.047	0.001	0.001
>CTTGTWARTA	4-CTTGTWARTA	6.906052	-12.325250	0	T:8.0(50.00%),B:1.5(2.36%),P:1e-5	Tpos:48.2,Tstd:22.7,Bpos:66.3,Bstd:21.4,StrandBias:0.3,Multiplicity:1.00
0.001	0.567	0.216	0.216
0.001	0.001	0.230	0.768
0.001	0.001	0.001	0.997
0.253	0.001	0.745	0.001
0.001	0.305	0.001	0.693
0.567	0.001	0.001	0.431
0.746	0.001	0.216	0.037
0.483	0.001	0.515	0.001
0.037	0.216	0.001	0.746
0.741	0.001	0.001	0.257
>KMAARSTTTT	5-KMAARSTTTT	7.263765	-10.375813	0	T:6.0(37.50%),B:0.0(0.00%),P:1e-4	Tpos:66.2,Tstd:18.7,Bpos:0.0,Bstd:0.0,StrandBias:2.8,Multiplicity:1.17
0.149	0.018	0.440	0.393
0.431	0.302	0.266	0.001
0.868	0.130	0.001	0.001
0.850	0.148	0.001	0.001
0.566	0.001	0.432	0.001
0.174	0.393	0.415	0.018
0.279	0.001	0.001	0.719
0.262	0.001	0.022	0.715
0.001	0.001	0.001	0.997
0.001	0.131	0.017	0.851
>AATTTTTRTKCT	1-AATTTTTRTKCT	7.604830	-14.415349	0	T:8.0(50.00%),B:0.8(1.33%),P:1e-6	Tpos:27.1,Tstd:22.5,Bpos:99.0,Bstd:0.0,StrandBias:-0.3,Multiplicity:1.29
0.718	0.094	0.094	0.094
0.811	0.187	0.001	0.001
0.094	0.020	0.094	0.792
0.001	0.282	0.247	0.470
0.039	0.188	0.001	0.772
0.001	0.001	0.019	0.979
0.093	0.001	0.001	0.905
0.376	0.094	0.341	0.188
0.207	0.001	0.001	0.791
0.188	0.001	0.435	0.376
0.114	0.510	0.094	0.282
0.187	0.001	0.001	0.811
>TTTTATBTGCGC	2-TTTTATBTGCGC	6.791442	-13.470838	0	T:10.0(62.50%),B:3.1(4.96%),P:1e-5	Tpos:52.8,Tstd:29.9,Bpos:59.8,Bstd:19.1,StrandBias:0.4,Multiplicity:1.10
0.001	0.079	0.158	0.762
0.079	0.079	0.238	0.604
0.078	0.001	0.001	0.920
0.079	0.158	0.001	0.762
0.586	0.001	0.079	0.334
0.001	0.001	0.092	0.906
0.163	0.238	0.362	0.238
0.079	0.079	0.001	0.841
0.001	0.013	0.670	0.316
0.186	0.720	0.001	0.093
0.238	0.093	0.432	0.238
0.237	0.497	0.001	0.265
>YMYYTTTKTKRC	3-YMYYTTTKTKRC	5.329628	-11.481719	0	T:9.0(56.25%),B:3.6(5.72%),P:1e-4	Tpos:49.9,Tstd:28.5,Bpos:52.1,Bstd:11.9,StrandBias:-0.8,Multiplicity:1.25
0.173	0.363	0.206	0.258
0.463	0.356	0.173	0.008
0.014	0.437	0.179	0.370
0.006	0.443	0.174	0.377
0.258	0.001	0.179	0.562
0.092	0.007	0.027	0.874
0.086	0.001	0.086	0.827
0.178	0.185	0.372	0.265
0.001	0.264	0.258	0.477
0.092	0.172	0.365	0.371
0.296	0.001	0.438	0.265
0.198	0.702	0.087	0.013
>AHAWTTGYAAGT	4-AHAWTTGYAAGT	7.728215	-10.824233	0	T:8.0(50.00%),B:2.0(3.25%),P:1e-4	Tpos:52.9,Tstd:25.5,Bpos:45.7,Bstd:16.6,StrandBias:0.3,Multiplicity:1.00
0.635	0.187	0.001	0.177
0.246	0.215	0.181	0.358
0.788	0.001	0.034	0.177
0.426	0.218	0.001	0.355
0.385	0.001	0.001	0.613
0.001	0.001	0.001	0.997
0.218	0.181	0.600	0.001
0.001	0.389	0.211	0.399
0.613	0.001	0.385	0.001
0.997	0.001	0.001	0.001
0.181	0.001	0.603	0.215
0.001	0.001	0.001	0.997
>MWCGCATCASAG	5-MWCGCATCASAG	5.608938	-10.824233	0	T:8.0(50.00%),B:2.5(3.93%),P:1e-4	Tpos:49.0,Tstd:27.3,Bpos:64.7,Bstd:8.8,StrandBias:-0.7,Multiplicity:1.62
0.415	0.277	0.131	0.177
0.429	0.131	0.001	0.439
0.001	0.525	0.147	0.327
0.278	0.146	0.440	0.137
0.015	0.839	0.131	0.015
0.571	0.297	0.131	0.001
0.015	0.031	0.262	0.692
0.031	0.541	0.131	0.297
0.721	0.001	0.147	0.131
0.001	0.561	0.437	0.001
0.708	0.029	0.001	0.262
0.176	0.001	0.656	0.167
>TGTGAACT	1-TGTGAACT	5.618646	-14.851293	0	T:10.0(62.50%),B:2.9(4.68%),P:1e-6	Tpos:58.0,Tstd:26.4,Bpos:34.7,Bstd:19.0,StrandBias:-0.8,Multiplicity:1.10
0.101	0.001	0.001	0.897
0.001	0.094	0.717	0.188
0.094	0.023	0.001	0.882
0.196	0.001	0.709	0.094
0.802	0.094	0.103	0.001
0.613	0.094	0.190	0.103
0.204	0.582	0.102	0.112
0.001	0.102	0.102	0.795
>ACAAAAAT	2-ACAAAAAT	7.885582	-14.415349	0	T:8.0(50.00%),B:0.5(0.84%),P:1e-6	Tpos:33.5,Tstd:32.4,Bpos:53.9,Bstd:22.2,StrandBias:-0.7,Multiplicity:1.62
0.899	0.001	0.099	0.001
0.001	0.899	0.001	0.099
0.997	0.001	0.001	0.001
0.997	0.001	0.001	0.001
0.799	0.100	0.100	0.001
0.799	0.100	0.100	0.001
0.899	0.001	0.099	0.001
0.100	0.100	0.001	0.799
>CTGTAAAG	3-CTGTAAAG	5.949858	-9.002811	0	T:7.0(43.75%),B:2.1(3.32%),P:1e-3	Tpos:54.1,Tstd:24.7,Bpos:33.3,Bstd:15.7,StrandBias:0.8,Multiplicity:1.83
0.355	0.620	0.024	0.001
0.177	0.001	0.001	0.821
0.001	0.001	0.797	0.201
0.178	0.202	0.183	0.437
0.797	0.001	0.201	0.001
0.997	0.001	0.001	0.001
0.792	0.201	0.001	0.006
0.225	0.001	0.773	0.001
>ATGCGGVA	4-ATGCGGVA	6.365383	-6.825673	0	T:5.0(31.25%),B:1.3(2.07%),P:1e-2	Tpos:46.8,Tstd:29.5,Bpos:72.6,Bstd:13.4,StrandBias:0.7,Multiplicity:1.60
0.997	0.001	0.001	0.001
0.001	0.001	0.275	0.723
0.078	0.001	0.637	0.284
0.275	0.723	0.001	0.001
0.001	0.074	0.924	0.001
0.001	0.075	0.649	0.275
0.276	0.365	0.284	0.075
0.997	0.001	0.001	0.001
>TATGVTAT	5-TATGVTAT	7.558051	-4.911551	0	T:3.0(18.75%),B:0.4(0.72%),P:1e-2	Tpos:73.8,Tstd:23.4,Bpos:73.0,Bstd:0.0,StrandBias:0.0,Multiplicity:1.67
0.001	0.001	0.001	0.997
0.618	0.106	0.001	0.275
0.275	0.001	0.001	0.723
0.001	0.001	0.997	0.001
0.275	0.407	0.316	0.001
0.106	0.342	0.001	0.551
0.997	0.001	0.001	0.001
0.001	0.001	0.001	0.997
