>MWCGCATCASAG	5-MWCGCATCASAG,BestGuess:Atf4(bZIP)/MEF-Atf4-ChIP-Seq(GSE35681)/Homer(0.649)	5.608938	-10.824233	0	T:8.0(50.00%),B:2.5(3.93%),P:1e-4
0.415	0.277	0.131	0.177
0.429	0.131	0.001	0.439
0.001	0.525	0.147	0.327
0.278	0.146	0.440	0.137
0.015	0.839	0.131	0.015
0.571	0.297	0.131	0.001
0.015	0.031	0.262	0.692
0.031	0.541	0.131	0.297
0.721	0.001	0.147	0.131
0.001	0.561	0.437	0.001
0.708	0.029	0.001	0.262
0.176	0.001	0.656	0.167
