>CTSTGATGCGWK	5-MWCGCATCASAG	5.608938	-10.824233	0	T:8.0(50.00%),B:2.5(3.93%),P:1e-4
0.167	0.656	0.001	0.176
0.262	0.001	0.029	0.708
0.001	0.437	0.561	0.001
0.131	0.147	0.001	0.721
0.297	0.131	0.541	0.031
0.692	0.262	0.031	0.015
0.001	0.131	0.297	0.571
0.015	0.131	0.839	0.015
0.137	0.440	0.146	0.278
0.327	0.147	0.525	0.001
0.439	0.001	0.131	0.429
0.177	0.131	0.277	0.415
