>TTTTATBTGCGC	2-TTTTATBTGCGC	6.791442	-13.470838	0	T:10.0(62.50%),B:3.1(4.96%),P:1e-5
0.001	0.079	0.158	0.762
0.079	0.079	0.238	0.604
0.078	0.001	0.001	0.920
0.079	0.158	0.001	0.762
0.586	0.001	0.079	0.334
0.001	0.001	0.092	0.906
0.163	0.238	0.362	0.238
0.079	0.079	0.001	0.841
0.001	0.013	0.670	0.316
0.186	0.720	0.001	0.093
0.238	0.093	0.432	0.238
0.237	0.497	0.001	0.265
