>AATTTTTRTKCT	1-AATTTTTRTKCT	7.604830	-14.415349	0	T:8.0(50.00%),B:0.8(1.33%),P:1e-6
0.718	0.094	0.094	0.094
0.811	0.187	0.001	0.001
0.094	0.020	0.094	0.792
0.001	0.282	0.247	0.470
0.039	0.188	0.001	0.772
0.001	0.001	0.019	0.979
0.093	0.001	0.001	0.905
0.376	0.094	0.341	0.188
0.207	0.001	0.001	0.791
0.188	0.001	0.435	0.376
0.114	0.510	0.094	0.282
0.187	0.001	0.001	0.811
