>GYMAMAAARRKR	3-YMYYTTTKTKRC	5.329628	-11.481719	0	T:9.0(56.25%),B:3.6(5.72%),P:1e-4
0.013	0.087	0.702	0.198
0.265	0.438	0.001	0.296
0.371	0.365	0.172	0.092
0.477	0.258	0.264	0.001
0.265	0.372	0.185	0.178
0.827	0.086	0.001	0.086
0.874	0.027	0.007	0.092
0.562	0.179	0.001	0.258
0.377	0.174	0.443	0.006
0.370	0.179	0.437	0.014
0.008	0.173	0.356	0.463
0.258	0.206	0.363	0.173
